coninc <-
structure(c(658.099976, 669.400024, 670, 668.799988, 674.599976, 
681.400024, 682.900024, 688.299988, 688.700012, 696.900024, 695.299988, 
700.799988, 711.900024, 725.799988, 754.799988, 740.5, 754.400024, 
740.299988, 747.799988, 752.299988, 754.700012, 768.099976, 772.700012, 
790, 799.799988, 803.700012, 803.099976, 803.299988, 807.099976, 
814.299988, 827.299988, 842.299988, 855.299988, 869.099976, 878, 
892.700012, 895.099976, 896.5, 899.200012, 908.400024, 914.299988, 
916.200012, 922.599976, 925.700012, 916.5, 926, 939.700012, 949.400024, 
964.299988, 977.200012, 986.299988, 989.599976, 997.099976, 1009.799988, 
1005.700012, 1007.799988, 1009.5, 1023.5, 1024.599976, 1042.900024, 
1053.599976, 1063.599976, 1072.800049, 1085.800049, 1094.099976, 
1100.199951, 1115.5, 1123.599976, 1145.199951, 1164.400024, 1184.800049, 
1188, 1208.199951, 1221.699951, 1242.300049, 1273.199951, 1287.599976, 
1293.099976, 1305.5, 1309.5, 1319.400024, 1336.5, 1343.300049, 
1351.5, 1378.099976, 1396.699951, 1421.5, 1427.099976, 1442.900024, 
1451.699951, 1459.900024, 1472, 1481.5, 1488.099976, 1501.300049, 
1497.199951, 1520.900024, 1533, 1541, 1560.099976, 1581.800049, 
1607.900024, 1629.900024, 1667.800049, 1689.900024, 1687.199951, 
1694.5, 1686.800049, 1667.5, 1677.199951, 1686.699951, 1664.699951, 
1677.099976, 1706, 1723.900024, 1740.400024, 1777.5, 1790.400024, 
1809.900024, 1837.800049, 1863.699951, 1869, 1888, 1914.199951, 
1923, 1960.800049, 1970.300049, 1989.699951, 1997.5, 1994.099976, 
2007.900024, 2018, 2015.400024, 1974.099976, 1996.300049, 2015.599976, 
2022.900024, 2022.400024, 2031.5, 2020, 2031.199951, 2041, 2051.800049, 
2078.699951, 2094.199951, 2135.100098, 2163, 2191.899902, 2212.100098, 
2246.699951, 2257.300049, 2281.100098, 2319.100098, 2337.399902, 
2375.899902, 2386.899902, 2410.899902, 2432.399902, 2464.399902, 
2477.800049, 2478.300049, 2507.699951, 2536.5, 2532.300049, 2570.800049, 
2586.800049, 2608.100098, 2627.699951, 2641, 2653.699951, 2690.100098, 
699.400024, 685.299988, 701.400024, 692.900024, 709.799988, 730.700012, 
745.099976, 747, 732.299988, 731.900024, 733.099976, 735.599976, 
788.700012, 784.700012, 788.200012, 805.599976, 799.599976, 821, 
826.900024, 828.5, 827.799988, 835.700012, 853.700012, 860, 870.400024, 
883.200012, 881.5, 885.099976, 885.900024, 881.599976, 895.700012, 
912.900024, 918.200012, 936.700012, 952.799988, 970.099976, 978.299988, 
985.599976, 990.599976, 1003, 1004.599976, 1011.400024, 1016.799988, 
1015.5, 1008.799988, 1016.299988, 1038.099976, 1052.099976, 1054.699951, 
1071.900024, 1066.599976, 1075.800049, 1087.300049, 1093.599976, 
1093, 1090.5, 1100.800049, 1117.699951, 1127.400024, 1146.800049, 
1158.400024, 1167.800049, 1174.699951, 1179.800049, 1190.900024, 
1198.199951, 1210.900024, 1229.400024, 1253.699951, 1287.699951, 
1304.099976, 1318.599976, 1327.099976, 1346.800049, 1383.199951, 
1405.800049, 1414.300049, 1422.300049, 1437.400024, 1451.099976, 
1474, 1487.900024, 1500.099976, 1510.699951, 1530.5, 1554.699951, 
1555.099976, 1565.099976, 1566.400024, 1584.699951, 1617.5, 1630.599976, 
1638, 1666.199951, 1686.199951, 1682.099976, 1708.099976, 1731.900024, 
1734.199951, 1739.599976, 1750.900024, 1767.599976, 1801.5, 1869.400024, 
1893.199951, 1907.599976, 1922.199951, 1942.099976, 1907.199951, 
1888.300049, 1898.599976, 1892.400024, 1873.099976, 1965.699951, 
1935, 1953.099976, 1983.099976, 1992.800049, 2005.900024, 2022.199951, 
2026.900024, 2049.600098, 2086.899902, 2102.800049, 2128.199951, 
2162.699951, 2176.399902, 2202, 2216.600098, 2206.5, 2213.600098, 
2213.600098, 2225.600098, 2185.600098, 2207.100098, 2238.699951, 
2242.899902, 2235, 2262.899902, 2253.699951, 2245.699951, 2260.899902, 
2263.399902, 2276.100098, 2288.399902, 2311.100098, 2335.399902, 
2392.699951, 2446.899902, 2456.600098, 2479.199951, 2496.300049, 
2509.399902, 2563.5, 2535.399902, 2562.800049, 2609.199951, 2648.600098, 
2637.300049, 2646.199951, 2672.300049, 2632.5, 2675.600098, 2726.199951, 
2757.199951, 2773.300049, 2806.399902, 2835.899902, 2881.699951, 
2887.600098, 2919.199951), .Dim = c(171L, 2L), .Dimnames = list(
    NULL, c("GC82", "GYD82")), index = c(1947, 1947.25, 1947.5, 
1947.75, 1948, 1948.25, 1948.5, 1948.75, 1949, 1949.25, 1949.5, 
1949.75, 1950, 1950.25, 1950.5, 1950.75, 1951, 1951.25, 1951.5, 
1951.75, 1952, 1952.25, 1952.5, 1952.75, 1953, 1953.25, 1953.5, 
1953.75, 1954, 1954.25, 1954.5, 1954.75, 1955, 1955.25, 1955.5, 
1955.75, 1956, 1956.25, 1956.5, 1956.75, 1957, 1957.25, 1957.5, 
1957.75, 1958, 1958.25, 1958.5, 1958.75, 1959, 1959.25, 1959.5, 
1959.75, 1960, 1960.25, 1960.5, 1960.75, 1961, 1961.25, 1961.5, 
1961.75, 1962, 1962.25, 1962.5, 1962.75, 1963, 1963.25, 1963.5, 
1963.75, 1964, 1964.25, 1964.5, 1964.75, 1965, 1965.25, 1965.5, 
1965.75, 1966, 1966.25, 1966.5, 1966.75, 1967, 1967.25, 1967.5, 
1967.75, 1968, 1968.25, 1968.5, 1968.75, 1969, 1969.25, 1969.5, 
1969.75, 1970, 1970.25, 1970.5, 1970.75, 1971, 1971.25, 1971.5, 
1971.75, 1972, 1972.25, 1972.5, 1972.75, 1973, 1973.25, 1973.5, 
1973.75, 1974, 1974.25, 1974.5, 1974.75, 1975, 1975.25, 1975.5, 
1975.75, 1976, 1976.25, 1976.5, 1976.75, 1977, 1977.25, 1977.5, 
1977.75, 1978, 1978.25, 1978.5, 1978.75, 1979, 1979.25, 1979.5, 
1979.75, 1980, 1980.25, 1980.5, 1980.75, 1981, 1981.25, 1981.5, 
1981.75, 1982, 1982.25, 1982.5, 1982.75, 1983, 1983.25, 1983.5, 
1983.75, 1984, 1984.25, 1984.5, 1984.75, 1985, 1985.25, 1985.5, 
1985.75, 1986, 1986.25, 1986.5, 1986.75, 1987, 1987.25, 1987.5, 
1987.75, 1988, 1988.25, 1988.5, 1988.75, 1989, 1989.25, 1989.5
), frequency = 4, class = c("zooreg", "zoo"))
