fedfunds <-
structure(c(1.21, 1.07, 0.9, 0.91, 1.26, 1.37, 1.29, 1.35, 1.43, 
1.43, 1.62, 1.68, 1.9, 2.18, 2.24, 2.35, 2.48, 2.44, 2.5, 2.5, 
2.62, 2.75, 2.71, 2.74, 2.74, 2.95, 2.96, 2.88, 2.94, 2.93, 3, 
2.96, 3, 3, 3, 2.99, 3.24, 3.5, 3.5, 3.22, 2.98, 2.72, 1.67, 
1.2, 1.26, 0.63, 0.93, 0.68, 1.53, 1.76, 1.8, 2.27, 2.42, 2.48, 
2.4, 2.8, 2.96, 2.9, 3.39, 3.44, 3.5, 3.76, 3.98, 4, 3.99, 3.99, 
3.97, 3.84, 3.92, 3.85, 3.32, 3.23, 2.98, 2.6, 2.47, 2.44, 1.98, 
1.45, 2.54, 2.02, 1.5, 1.98, 1.73, 1.17, 2, 1.88, 2.26, 2.61, 
2.33, 2.15, 2.37, 2.85, 2.78, 2.36, 2.68, 2.71, 2.93, 2.9, 2.9, 
2.94, 2.93, 2.92, 3, 2.98, 2.9, 3, 2.99, 3.02, 3.49, 3.48, 3.5, 
3.48, 3.38, 3.48, 3.48, 3.43, 3.47, 3.5, 3.5, 3.42, 3.5, 3.45, 
3.36, 3.52, 3.85, 3.9, 3.98, 4.04, 4.09, 4.1, 4.04, 4.09, 4.12, 
4.01, 4.08, 4.1, 4.32, 4.42, 4.6, 4.65, 4.67, 4.9, 5.17, 5.3, 
5.53, 5.4, 5.53, 5.77, 5.4, 4.94, 5, 4.53, 4.05, 3.94, 3.98, 
3.79, 3.9, 3.99, 3.88, 4.13, 4.51, 4.6, 4.71, 5.05, 5.76, 6.11, 
6.07, 6.02, 6.03, 5.78, 5.91, 5.82, 6.02, 6.3, 6.61, 6.79, 7.41, 
8.67, 8.9, 8.61, 9.19, 9.15, 9, 8.85, 8.97, 8.98, 8.98, 7.76, 
8.1, 7.94, 7.6, 7.21, 6.61, 6.29, 6.2, 5.6, 4.9, 4.14, 3.72, 
3.71, 4.15, 4.63, 4.91, 5.31, 5.56, 5.55, 5.2, 4.91, 4.14, 3.5, 
3.29, 3.83, 4.17, 4.27, 4.46, 4.55, 4.8, 4.87, 5.04, 5.06, 5.33, 
5.94, 6.58, 7.09, 7.12, 7.84, 8.49, 10.4, 10.5, 10.78, 10.01, 
10.03, 9.95, 9.65, 8.97, 9.35, 10.51, 11.31, 11.93, 12.92, 12.01, 
11.34, 10.06, 9.45, 8.53, 7.13, 6.24, 5.54, 5.49, 5.22, 5.55, 
6.1, 6.14, 6.24, 5.82, 5.22, 5.2, 4.87, 4.77, 4.84, 4.82, 5.29, 
5.48, 5.31, 5.29, 5.25, 5.02, 4.95, 4.65, 4.61, 4.68, 4.69, 4.73, 
5.35, 5.39, 5.42, 5.9, 6.14, 6.47, 6.51, 6.56, 6.7, 6.78, 6.79, 
6.89, 7.36, 7.6, 7.81, 8.04, 8.45, 8.96, 9.76, 10.03, 10.07, 
10.06, 10.09, 10.01, 10.24, 10.29, 10.47, 10.94, 11.43, 13.77, 
13.18, 13.78, 13.82, 14.13, 17.19, 17.61, 10.98, 9.47, 9.03, 
9.61, 10.87, 12.81, 15.85, 18.9, 19.08, 15.93, 14.7, 15.72, 18.52, 
19.1, 19.04, 17.82, 15.87, 15.08, 13.31, 12.37, 13.22, 14.78, 
14.68, 14.94, 14.45, 14.15, 12.59, 10.12, 10.31, 9.71, 9.2, 8.95, 
8.68, 8.51, 8.77, 8.8, 8.63, 8.98, 9.37, 9.56, 9.45, 9.48, 9.34, 
9.47, 9.56, 9.59, 9.91, 10.29, 10.32, 11.06, 11.23, 11.64, 11.3, 
9.99, 9.43, 8.38, 8.35, 8.5, 8.58, 8.27, 7.97, 7.53, 7.88, 7.9, 
7.92, 7.99, 8.05, 8.27, 8.14, 7.86, 7.48, 6.99, 6.85, 6.92, 6.56, 
6.17, 5.89, 5.85, 6.04, 6.91, 6.43, 6.1, 6.13, 6.37, 6.85, 6.73, 
6.58, 6.73, 7.22, 7.29, 6.69, 6.77, 6.83, 6.58, 6.58, 6.87, 7.09, 
7.51, 7.75, 8.01, 8.19, 8.3, 8.35, 8.76, 9.12, 9.36, 9.85, 9.84, 
9.81, 9.53, 9.24, 8.99, 9.02, 8.84, 8.55, 8.45, 8.23, 8.24, 8.28, 
8.26, 8.18, 8.29, 8.15, 8.13, 8.2, 8.11, 7.81, 7.31, 6.91, 6.25, 
6.12, 5.91, 5.78, 5.9, 5.82, 5.66, 5.45, 5.21, 4.81, 4.43, 4.03, 
4.06, 3.98, 3.73, 3.82, 3.76, 3.25, 3.3, 3.22, 3.1, 3.09, 2.92, 
3.02, 3.03, 3.07, 2.96, 3, 3.04, 3.06, 3.03, 3.09, 2.99, 3.02, 
2.96, 3.05, 3.25, 3.34, 3.56, 4.01, 4.25, 4.26, 4.47, 4.73, 4.76, 
5.29, 5.45, 5.53, 5.92, 5.98, 6.05, 6.01, 6, 5.85, 5.74, 5.8, 
5.76, 5.8, 5.6, 5.56, 5.22, 5.31, 5.22, 5.24, 5.27, 5.4, 5.22, 
5.3, 5.24, 5.31, 5.29, 5.25, 5.19, 5.39, 5.51, 5.5, 5.56, 5.52, 
5.54, 5.54, 5.5, 5.52, 5.5, 5.56, 5.51, 5.49, 5.45, 5.49, 5.56, 
5.54, 5.55, 5.51, 5.07, 4.83, 4.68, 4.63, 4.76, 4.81, 4.74, 4.74, 
4.76, 4.99, 5.07, 5.22, 5.2, 5.42, 5.3, 5.45, 5.73, 5.85, 6.02, 
6.27, 6.53, 6.54, 6.5, 6.52, 6.51, 6.51, 6.4, 5.98, 5.49, 5.31, 
4.8, 4.21, 3.97), .Dim = c(563L, 1L), .Dimnames = list(NULL, 
    "FFED"), index = c(1954.58333333333, 1954.66666666667, 1954.75, 
1954.83333333333, 1954.91666666667, 1955, 1955.08333333333, 1955.16666666667, 
1955.25, 1955.33333333333, 1955.41666666667, 1955.5, 1955.58333333333, 
1955.66666666667, 1955.75, 1955.83333333333, 1955.91666666667, 
1956, 1956.08333333333, 1956.16666666667, 1956.25, 1956.33333333333, 
1956.41666666667, 1956.5, 1956.58333333333, 1956.66666666667, 
1956.75, 1956.83333333333, 1956.91666666667, 1957, 1957.08333333333, 
1957.16666666667, 1957.25, 1957.33333333333, 1957.41666666667, 
1957.5, 1957.58333333333, 1957.66666666667, 1957.75, 1957.83333333333, 
1957.91666666667, 1958, 1958.08333333333, 1958.16666666667, 1958.25, 
1958.33333333333, 1958.41666666667, 1958.5, 1958.58333333333, 
1958.66666666667, 1958.75, 1958.83333333333, 1958.91666666667, 
1959, 1959.08333333333, 1959.16666666667, 1959.25, 1959.33333333333, 
1959.41666666667, 1959.5, 1959.58333333333, 1959.66666666667, 
1959.75, 1959.83333333333, 1959.91666666667, 1960, 1960.08333333333, 
1960.16666666667, 1960.25, 1960.33333333333, 1960.41666666667, 
1960.5, 1960.58333333333, 1960.66666666667, 1960.75, 1960.83333333333, 
1960.91666666667, 1961, 1961.08333333333, 1961.16666666667, 1961.25, 
1961.33333333333, 1961.41666666667, 1961.5, 1961.58333333333, 
1961.66666666667, 1961.75, 1961.83333333333, 1961.91666666667, 
1962, 1962.08333333333, 1962.16666666667, 1962.25, 1962.33333333333, 
1962.41666666667, 1962.5, 1962.58333333333, 1962.66666666667, 
1962.75, 1962.83333333333, 1962.91666666667, 1963, 1963.08333333333, 
1963.16666666667, 1963.25, 1963.33333333333, 1963.41666666667, 
1963.5, 1963.58333333333, 1963.66666666667, 1963.75, 1963.83333333333, 
1963.91666666667, 1964, 1964.08333333333, 1964.16666666667, 1964.25, 
1964.33333333333, 1964.41666666667, 1964.5, 1964.58333333333, 
1964.66666666667, 1964.75, 1964.83333333333, 1964.91666666667, 
1965, 1965.08333333333, 1965.16666666667, 1965.25, 1965.33333333333, 
1965.41666666667, 1965.5, 1965.58333333333, 1965.66666666667, 
1965.75, 1965.83333333333, 1965.91666666667, 1966, 1966.08333333333, 
1966.16666666667, 1966.25, 1966.33333333333, 1966.41666666667, 
1966.5, 1966.58333333333, 1966.66666666667, 1966.75, 1966.83333333333, 
1966.91666666667, 1967, 1967.08333333333, 1967.16666666667, 1967.25, 
1967.33333333333, 1967.41666666667, 1967.5, 1967.58333333333, 
1967.66666666667, 1967.75, 1967.83333333333, 1967.91666666667, 
1968, 1968.08333333333, 1968.16666666667, 1968.25, 1968.33333333333, 
1968.41666666667, 1968.5, 1968.58333333333, 1968.66666666667, 
1968.75, 1968.83333333333, 1968.91666666667, 1969, 1969.08333333333, 
1969.16666666667, 1969.25, 1969.33333333333, 1969.41666666667, 
1969.5, 1969.58333333333, 1969.66666666667, 1969.75, 1969.83333333333, 
1969.91666666667, 1970, 1970.08333333333, 1970.16666666667, 1970.25, 
1970.33333333333, 1970.41666666667, 1970.5, 1970.58333333333, 
1970.66666666667, 1970.75, 1970.83333333333, 1970.91666666667, 
1971, 1971.08333333333, 1971.16666666667, 1971.25, 1971.33333333333, 
1971.41666666667, 1971.5, 1971.58333333333, 1971.66666666667, 
1971.75, 1971.83333333333, 1971.91666666667, 1972, 1972.08333333333, 
1972.16666666667, 1972.25, 1972.33333333333, 1972.41666666667, 
1972.5, 1972.58333333333, 1972.66666666667, 1972.75, 1972.83333333333, 
1972.91666666667, 1973, 1973.08333333333, 1973.16666666667, 1973.25, 
1973.33333333333, 1973.41666666667, 1973.5, 1973.58333333333, 
1973.66666666667, 1973.75, 1973.83333333333, 1973.91666666667, 
1974, 1974.08333333333, 1974.16666666667, 1974.25, 1974.33333333333, 
1974.41666666667, 1974.5, 1974.58333333333, 1974.66666666667, 
1974.75, 1974.83333333333, 1974.91666666667, 1975, 1975.08333333333, 
1975.16666666667, 1975.25, 1975.33333333333, 1975.41666666667, 
1975.5, 1975.58333333333, 1975.66666666667, 1975.75, 1975.83333333333, 
1975.91666666667, 1976, 1976.08333333333, 1976.16666666667, 1976.25, 
1976.33333333333, 1976.41666666667, 1976.5, 1976.58333333333, 
1976.66666666667, 1976.75, 1976.83333333333, 1976.91666666667, 
1977, 1977.08333333333, 1977.16666666667, 1977.25, 1977.33333333333, 
1977.41666666667, 1977.5, 1977.58333333333, 1977.66666666667, 
1977.75, 1977.83333333333, 1977.91666666667, 1978, 1978.08333333333, 
1978.16666666667, 1978.25, 1978.33333333333, 1978.41666666667, 
1978.5, 1978.58333333333, 1978.66666666667, 1978.75, 1978.83333333333, 
1978.91666666667, 1979, 1979.08333333333, 1979.16666666667, 1979.25, 
1979.33333333333, 1979.41666666667, 1979.5, 1979.58333333333, 
