gnpdata <-
structure(c(1286.6, 1320.4, 1349.8, 1356, 1369.2, 1365.9, 1378.2, 
1406.8, 1431.4, 1444.9, 1438.2, 1426.6, 1406.8, 1401.2, 1418, 
1438.8, 1469.6, 1485.7, 1505.5, 1518.7, 1515.7, 1522.6, 1523.7, 
1540.6, 1553.3, 1552.4, 1561.5, 1537.3, 1506.1, 1514.2, 1550, 
1586.7, 1606.4, 1637, 1629.5, 1643.4, 1671.6, 1666.8, 1668.4, 
1654.1, 1671.3, 1692.1, 1716.3, 1754.9, 1777.9, 1796.4, 1813.1, 
1810.1, 1834.6, 1860, 1892.5, 1906.1, 1948.7, 1965.4, 1985.2, 
1993.7, 2036.9, 2066.4, 2099.3, 2147.6, 2190.1, 2195.8, 2218.3, 
2229.2, 2241.8, 2255.2, 2287.7, 2300.6, 2327.3, 2366.9, 2385.3, 
2383, 2416.5, 2419.8, 2433.2, 2423.5, 2408.6, 2406.5, 2435.8, 
2413.8, 2478.6, 2478.4, 2491.1, 2491, 2545.6, 2595.1, 2622.1, 
2671.3, 2734, 2741, 2738.3, 2762.8, 2747.4, 2755.2, 2719.3, 2695.4, 
2642.7, 2669.6, 2714.9, 2752.7, 2804.4, 2816.9, 2828.6, 2856.8, 
2896, 2942.7, 3001.8, 2994.1, 3020.5, 3115.9, 3142.6, 3181.6, 
3181.7, 3178.7, 3207.4, 3201.3, 3233.4, 3157, 3159.1, 3199.2, 
3261.1, 3250.2, 3264.6, 3219, 3170.4, 3179.9, 3154.5, 3159.3, 
3190.6, 3259.3, 3303.4, 3357.2, 3449.4, 3492.6, 3510.4, 3515.6, 
-1, -1, -1, -1, -1, -1, -1, -1, -1, -1, 1, 1, 1, 1, -1, -1, -1, 
-1, -1, -1, -1, -1, -1, -1, -1, -1, 1, 1, 1, 1, -1, -1, -1, -1, 
-1, -1, -1, 1, 1, 1, 1, -1, -1, -1, -1, -1, -1, -1, -1, -1, -1, 
-1, -1, -1, -1, -1, -1, -1, -1, -1, -1, -1, -1, -1, -1, -1, -1, 
-1, -1, -1, -1, -1, -1, -1, -1, 1, 1, 1, 1, 1, -1, -1, -1, -1, 
-1, -1, -1, -1, -1, -1, -1, 1, 1, 1, 1, 1, 1, -1, -1, -1, -1, 
-1, -1, -1, -1, -1, -1, -1, -1, -1, -1, -1, -1, -1, -1, -1, 1, 
1, 1, -1, -1, -1, 1, 1, 1, 1, 1, 1, -1, -1, -1, -1, -1, -1, -1, 
-1), .Dim = c(136L, 2L), .Dimnames = list(NULL, c("GNP", "RECESSQ"
)), index = c(1951, 1951.25, 1951.5, 1951.75, 1952, 1952.25, 
1952.5, 1952.75, 1953, 1953.25, 1953.5, 1953.75, 1954, 1954.25, 
1954.5, 1954.75, 1955, 1955.25, 1955.5, 1955.75, 1956, 1956.25, 
1956.5, 1956.75, 1957, 1957.25, 1957.5, 1957.75, 1958, 1958.25, 
1958.5, 1958.75, 1959, 1959.25, 1959.5, 1959.75, 1960, 1960.25, 
1960.5, 1960.75, 1961, 1961.25, 1961.5, 1961.75, 1962, 1962.25, 
1962.5, 1962.75, 1963, 1963.25, 1963.5, 1963.75, 1964, 1964.25, 
1964.5, 1964.75, 1965, 1965.25, 1965.5, 1965.75, 1966, 1966.25, 
1966.5, 1966.75, 1967, 1967.25, 1967.5, 1967.75, 1968, 1968.25, 
1968.5, 1968.75, 1969, 1969.25, 1969.5, 1969.75, 1970, 1970.25, 
1970.5, 1970.75, 1971, 1971.25, 1971.5, 1971.75, 1972, 1972.25, 
1972.5, 1972.75, 1973, 1973.25, 1973.5, 1973.75, 1974, 1974.25, 
1974.5, 1974.75, 1975, 1975.25, 1975.5, 1975.75, 1976, 1976.25, 
1976.5, 1976.75, 1977, 1977.25, 1977.5, 1977.75, 1978, 1978.25, 
1978.5, 1978.75, 1979, 1979.25, 1979.5, 1979.75, 1980, 1980.25, 
1980.5, 1980.75, 1981, 1981.25, 1981.5, 1981.75, 1982, 1982.25, 
1982.5, 1982.75, 1983, 1983.25, 1983.5, 1983.75, 1984, 1984.25, 
1984.5, 1984.75), frequency = 4, class = c("zooreg", "zoo"))
