gnptbill <-
structure(c(0.38, 0.38, 0.736667, 0.906667, 0.99, 1, 1.05, 1.14, 
1.17, 1.17, 1.043333, 1.076667, 1.103333, 1.153333, 1.22, 1.336667, 
1.366667, 1.49, 1.603333, 1.61, 1.566667, 1.646667, 1.783333, 
1.893333, 1.98, 2.153333, 1.956667, 1.473333, 1.06, 0.786667, 
0.883333, 1.016667, 1.226667, 1.483333, 1.856667, 2.34, 2.326667, 
2.566667, 2.583333, 3.033333, 3.1, 3.136667, 3.353333, 3.303333, 
1.76, 0.956667, 1.68, 2.69, 2.773333, 3, 3.54, 4.23, 3.873333, 
2.993333, 2.36, 2.306667, 2.35, 2.303333, 2.303333, 2.46, 2.723333, 
2.713333, 2.84, 2.813333, 2.906667, 2.936667, 3.293333, 3.496667, 
3.53, 3.476667, 3.496667, 3.683333, 3.89, 3.873333, 3.866667, 
4.166667, 4.61, 4.586667, 5.043333, 5.21, 4.513333, 3.66, 4.3, 
4.753333, 5.05, 5.52, 5.196667, 5.586667, 6.093333, 6.196667, 
7.023333, 7.353333, 7.21, 6.676667, 6.33, 5.353333, 3.84, 4.25, 
5.01, 4.23, 3.436667, 3.77, 4.22, 4.863333, 5.7, 6.603333, 8.323333, 
7.5, 7.616667, 8.153333, 8.19, 7.36, 5.75, 5.393333, 6.33, 5.626667, 
4.916667, 5.156667, 5.15, 4.673333, 4.63, 4.84, 5.496667, 6.11, 
6.393333, 6.476667, 7.313333, 8.57, 9.383333, 9.376667, 9.673333, 
11.843333, 13.353333, 9.616667, 9.153334, 13.613333, 14.39, 14.906666, 
15.053333, 11.75, 12.813333, 12.42, 9.316667, 7.906667, 8.106667, 
8.396667, 9.14, 8.8, 9.17, 9.796666, 10.32, 8.803333, 8.183334, 
7.46, 7.106667, 7.166667, 6.896667, 6.14, 5.523333, 5.353333, 
5.536667, 5.656667, 6.043333, 5.863333, 5.723333, 6.21, 7.01, 
7.726667, 8.54, 1056.5, 1063.199951, 1067.099976, 1080, 1086.800049, 
1106.099976, 1116.300049, 1125.5, 1112.400024, 1105.900024, 1114.300049, 
1103.300049, 1148.199951, 1181, 1225.300049, 1260.199951, 1286.599976, 
1320.400024, 1349.800049, 1356, 1369.199951, 1365.900024, 1378.199951, 
1406.800049, 1431.400024, 1444.900024, 1438.199951, 1426.599976, 
1406.800049, 1401.199951, 1418, 1438.800049, 1469.599976, 1485.699951, 
1505.5, 1518.699951, 1515.699951, 1522.599976, 1523.699951, 1540.599976, 
1553.300049, 1552.400024, 1561.5, 1537.300049, 1506.099976, 1514.199951, 
1550, 1586.699951, 1606.400024, 1637, 1629.5, 1643.400024, 1671.599976, 
1666.800049, 1668.400024, 1654.099976, 1671.300049, 1692.099976, 
1716.300049, 1754.900024, 1777.900024, 1796.400024, 1813.099976, 
1810.099976, 1834.599976, 1860, 1892.5, 1906.099976, 1948.699951, 
1965.400024, 1985.199951, 1993.699951, 2036.900024, 2066.399902, 
2099.300049, 2147.600098, 2190.100098, 2195.800049, 2218.300049, 
2229.199951, 2241.800049, 2255.199951, 2287.699951, 2300.600098, 
2327.300049, 2366.899902, 2385.300049, 2383, 2416.5, 2419.800049, 
2433.199951, 2423.5, 2408.600098, 2406.5, 2435.800049, 2413.800049, 
2478.600098, 2478.399902, 2491.100098, 2491, 2545.600098, 2595.100098, 
2622.100098, 2671.300049, 2734, 2741, 2738.300049, 2762.800049, 
2747.399902, 2755.199951, 2719.300049, 2695.399902, 2642.699951, 
2669.600098, 2714.899902, 2752.699951, 2804.399902, 2816.899902, 
2828.600098, 2856.800049, 2896, 2942.699951, 3001.800049, 2994.100098, 
3020.5, 3115.899902, 3142.600098, 3181.600098, 3181.699951, 3178.699951, 
3207.399902, 3201.300049, 3233.399902, 3157, 3159.100098, 3199.199951, 
3261.100098, 3250.199951, 3264.600098, 3219, 3170.399902, 3179.899902, 
3154.5, 3159.300049, 3186.600098, 3258.300049, 3306.399902, 3365.100098, 
3451.699951, 3498, 3520.600098, 3535.199951, 3577.5, 3599.199951, 
3635.800049, 3662.399902, 3721.100098, 3704.600098, 3712.399902, 
3733.600098, 3783, 3823.5, 3872.800049, 3935.600098, 3974.800049, 
4010.699951, 4042.699951, 4069.399902, 4106.799805), .Dim = c(169L, 
2L), .Dimnames = list(NULL, c("TBILL", "GNP")), index = structure(c(1947, 
1947.25, 1947.5, 1947.75, 1948, 1948.25, 1948.5, 1948.75, 1949, 
1949.25, 1949.5, 1949.75, 1950, 1950.25, 1950.5, 1950.75, 1951, 
1951.25, 1951.5, 1951.75, 1952, 1952.25, 1952.5, 1952.75, 1953, 
1953.25, 1953.5, 1953.75, 1954, 1954.25, 1954.5, 1954.75, 1955, 
1955.25, 1955.5, 1955.75, 1956, 1956.25, 1956.5, 1956.75, 1957, 
1957.25, 1957.5, 1957.75, 1958, 1958.25, 1958.5, 1958.75, 1959, 
1959.25, 1959.5, 1959.75, 1960, 1960.25, 1960.5, 1960.75, 1961, 
1961.25, 1961.5, 1961.75, 1962, 1962.25, 1962.5, 1962.75, 1963, 
1963.25, 1963.5, 1963.75, 1964, 1964.25, 1964.5, 1964.75, 1965, 
1965.25, 1965.5, 1965.75, 1966, 1966.25, 1966.5, 1966.75, 1967, 
1967.25, 1967.5, 1967.75, 1968, 1968.25, 1968.5, 1968.75, 1969, 
1969.25, 1969.5, 1969.75, 1970, 1970.25, 1970.5, 1970.75, 1971, 
1971.25, 1971.5, 1971.75, 1972, 1972.25, 1972.5, 1972.75, 1973, 
1973.25, 1973.5, 1973.75, 1974, 1974.25, 1974.5, 1974.75, 1975, 
1975.25, 1975.5, 1975.75, 1976, 1976.25, 1976.5, 1976.75, 1977, 
1977.25, 1977.5, 1977.75, 1978, 1978.25, 1978.5, 1978.75, 1979, 
1979.25, 1979.5, 1979.75, 1980, 1980.25, 1980.5, 1980.75, 1981, 
1981.25, 1981.5, 1981.75, 1982, 1982.25, 1982.5, 1982.75, 1983, 
1983.25, 1983.5, 1983.75, 1984, 1984.25, 1984.5, 1984.75, 1985, 
1985.25, 1985.5, 1985.75, 1986, 1986.25, 1986.5, 1986.75, 1987, 
1987.25, 1987.5, 1987.75, 1988, 1988.25, 1988.5, 1988.75, 1989
), .Names = c("TBILL1", "TBILL2", "TBILL3", "TBILL4", "TBILL5", 
"TBILL6", "TBILL7", "TBILL8", "TBILL9", "TBILL10", "TBILL11", 
"TBILL12", "TBILL13", "TBILL14", "TBILL15", "TBILL16", "TBILL17", 
"TBILL18", "TBILL19", "TBILL20", "TBILL21", "TBILL22", "TBILL23", 
"TBILL24", "TBILL25", "TBILL26", "TBILL27", "TBILL28", "TBILL29", 
"TBILL30", "TBILL31", "TBILL32", "TBILL33", "TBILL34", "TBILL35", 
"TBILL36", "TBILL37", "TBILL38", "TBILL39", "TBILL40", "TBILL41", 
"TBILL42", "TBILL43", "TBILL44", "TBILL45", "TBILL46", "TBILL47", 
"TBILL48", "TBILL49", "TBILL50", "TBILL51", "TBILL52", "TBILL53", 
"TBILL54", "TBILL55", "TBILL56", "TBILL57", "TBILL58", "TBILL59", 
"TBILL60", "TBILL61", "TBILL62", "TBILL63", "TBILL64", "TBILL65", 
"TBILL66", "TBILL67", "TBILL68", "TBILL69", "TBILL70", "TBILL71", 
"TBILL72", "TBILL73", "TBILL74", "TBILL75", "TBILL76", "TBILL77", 
"TBILL78", "TBILL79", "TBILL80", "TBILL81", "TBILL82", "TBILL83", 
"TBILL84", "TBILL85", "TBILL86", "TBILL87", "TBILL88", "TBILL89", 
"TBILL90", "TBILL91", "TBILL92", "TBILL93", "TBILL94", "TBILL95", 
"TBILL96", "TBILL97", "TBILL98", "TBILL99", "TBILL100", "TBILL101", 
"TBILL102", "TBILL103", "TBILL104", "TBILL105", "TBILL106", "TBILL107", 
"TBILL108", "TBILL109", "TBILL110", "TBILL111", "TBILL112", "TBILL113", 
"TBILL114", "TBILL115", "TBILL116", "TBILL117", "TBILL118", "TBILL119", 
"TBILL120", "TBILL121", "TBILL122", "TBILL123", "TBILL124", "TBILL125", 
"TBILL126", "TBILL127", "TBILL128", "TBILL129", "TBILL130", "TBILL131", 
"TBILL132", "TBILL133", "TBILL134", "TBILL135", "TBILL136", "TBILL137", 
"TBILL138", "TBILL139", "TBILL140", "TBILL141", "TBILL142", "TBILL143", 
"TBILL144", "TBILL145", "TBILL146", "TBILL147", "TBILL148", "TBILL149", 
"TBILL150", "TBILL151", "TBILL152", "TBILL153", "TBILL154", "TBILL155", 
"TBILL156", "TBILL157", "TBILL158", "TBILL159", "TBILL160", "TBILL161", 
"TBILL162", "TBILL163", "TBILL164", "TBILL165", "TBILL166", "TBILL167", 
"TBILL168", "TBILL169")), class = c("zooreg", "zoo"), frequency = 4)
