ppp <-
structure(c(8.4, 8.3, 8.6, 8.6, 8.5, 8.4, 8, 8.3, 8.5, 8.4, 8.5, 
8.5, 8.6, 8.6, 8.6, 8.8, 8.8, 8.7, 8.4, 8.5, 8.5, 8.3, 8.3, 8.3, 
8.2, 8.2, 8.1, 8.3, 8.3, 8.4, 8.4, 8.5, 8.7, 8.6, 8.7, 8.7, 8.8, 
9, 9, 9.3, 9.3, 9.3, 9.3, 9.3, 9.3, 9.3, 9.4, 9.4, 9.3, 9.5, 
9.5, 9.6, 9.6, 9.7, 9.7, 9.7, 9.8, 9.8, 9.8, 9.8, 9.8, 9.8, 9.8, 
9.9, 9.9, 9.9, 9.8, 9.8, 9.8, 9.9, 9.9, 9.9, 9.9, 9.9, 9.9, 9.9, 
10.1, 10.2, 10.2, 10.2, 10.2, 10.2, 10.2, 10.2, 10.4, 10.4, 10.4, 
10.4, 10.4, 10.4, 10.4, 10.4, 10.4, 10.4, 10.4, 10.5, 10.5, 10.6, 
10.7, 10.7, 10.8, 10.7, 10.7, 10.7, 10.7, 10.7, 10.8, 10.8, 10.9, 
10.8, 10.8, 10.8, 10.8, 10.8, 10.8, 10.8, 10.9, 10.9, 11, 11.1, 
11.1, 11.1, 11.1, 11.2, 11.3, 11.3, 11.3, 11.3, 11.2, 11.1, 11.1, 
11.1, 11.1, 11.1, 11, 11, 11.1, 11.1, 11, 11.1, 11.1, 11.2, 11.3, 
11.3, 11.4, 11.3, 11.3, 11.3, 11.3, 11.3, 11.4, 11.4, 11.4, 11.4, 
11.4, 11.5, 11.5, 11.5, 11.5, 11.5, 11.6, 11.6, 11.6, 11.6, 11.6, 
11.7, 11.7, 11.8, 11.8, 11.9, 12, 12.1, 12.1, 12, 12.2, 12.2, 
12.2, 12.3, 12.7, 12.5, 12.7, 12.9, 12.9, 13, 13, 13, 13, 13, 
13.1, 13.3, 13.3, 13.4, 13.5, 13.5, 13.6, 13.6, 13.7, 13.8, 13.9, 
13.9, 14, 14, 14.1, 14.2, 14.3, 14.3, 14.3, 14.4, 14.4, 14.4, 
14.5, 14.5, 14.6, 14.6, 14.6, 14.7, 14.7, 14.7, 14.7, 14.7, 14.8, 
14.8, 14.8, 14.8, 14.8, 14.8, 14.9, 15, 15.2, 15.2, 15.2, 15.2, 
15.3, 15.3, 15.3, 15.4, 15.5, 15.4, 15.5, 15.5, 15.5, 15.5, 15.5, 
15.5, 15.5, 15.5, 15.5, 15.5, 15.5, 15.5, 15.6, 15.7, 15.7, 15.7, 
15.7, 15.9, 15.9, 16, 16.1, 16.1, 16.1, 16.200001, 16.200001, 
16.299999, 16.5, 16.6, 16.6, 16.700001, 16.700001, 16.700001, 
16.700001, 16.799999, 17, 17.1, 17.200001, 17.200001, 17.299999, 
17.299999, 17.4, 17.4, 17.6, 17.700001, 17.700001, 17.700001, 
17.799999, 17.9, 17.9, 18, 18, 18.200001, 18.299999, 18.4, 18.4, 
18.5, 18.700001, 18.799999, 18.9, 19.1, 19.299999, 19.4, 19.6, 
19.700001, 20, 20.200001, 20.5, 20.6, 20.700001, 20.700001, 21, 
21.200001, 21.299999, 21.700001, 22, 22.4, 23, 23.299999, 23.700001, 
24.1, 24.700001, 25.200001, 26, 26.5, 27, 27.1, 27.5, 27.9, 27.9, 
28.200001, 28.5, 28.799999, 28.9, 29.1, 29.299999, 29.700001, 
30, 30.299999, 30.5, 31, 31.700001, 32.700001, 33.200001, 33.299999, 
33.5, 33.799999, 34.400002, 35.599998, 36.299999, 36.799999, 
37.299999, 38.099998, 38.799999, 39.200001, 39.700001, 40, 40.299999, 
40.700001, 41.099998, 41.400002, 42.099998, 42.299999, 42.799999, 
43.200001, 43.599998, 44.099998, 44.599998, 44.900002, 45.299999, 
45.400002, 46.099998, 46.599998, 47, 47.400002, 48.299999, 48.900002, 
49.700001, 50.400002, 51.099998, 51.599998, 52, 52.599998, 53.799999, 
55.099998, 55.700001, 56.700001, 58.5, 59.599998, 60.200001, 
61, 61.599998, 62.099998, 63.200001, 63.900002, 65.300003, 66.400002, 
67.800003, 68.699997, 69.900002, 71.199997, 72.199997, 73.300003, 
74.199997, 75, 75.699997, 76.199997, 77.300003, 78.699997, 80.099998, 
80.900002, 82, 83.099998, 83.800003, 84.5, 85.5, 86.400002, 87.699997, 
89.300003, 90.5, 92.300003, 93.5, 94.099998, 95.400002, 96.800003, 
97.599998, 98.599998, 99.599998, 100.199997, 101.099998, 101.5, 
102.800003, 104.5, 105.599998, 106.099998, 107.400002, 108.5, 
109.199997, 110.099998, 110.699997, 111.300003, 111.699997, 112, 
112.900002, 114, 114.699997, 115.400002, 116.599998, 117.800003, 
118.699997, 119.699997, 120.400002, 121, 121.5, 121.699997, 122.199997, 
123.699997, 124.5, 125.300003, 126, 126.800003, 127.300003, 127.599998, 
128.100006, 128.600006, 128.600006, 128.899994, 129.199997, 130, 
130.399994, 130.800003, 131.600006, 132.100006, 132.600006, 133, 
133.5, 133.899994, 134.300003, 134.699997, 135.600006, 136.899994, 
137.199997, 137.5, 138.199997, 138.5, 139.199997, 139.600006, 
140, 140.5, 140.899994, 141.5, 142.199997, 143.300003, 144.5, 
145, 146.100006, 147.300003, 148, 149, 149.600006, 150.300003, 
150.699997, 150.899994, 151.600006, 153.100006, 23.700001, 23.5, 
23.4, 23.799999, 23.9, 24.1, 24.4, 24.5, 24.5, 24.4, 24.200001, 
24.1, 24, 23.799999, 23.799999, 23.9, 23.799999, 23.9, 23.700001, 
23.799999, 23.9, 23.700001, 23.799999, 23.6, 23.5, 23.5, 23.6, 
23.6, 23.700001, 23.799999, 24.1, 24.299999, 24.4, 24.6, 24.700001, 
25, 25.4, 25.700001, 25.799999, 25.799999, 25.9, 25.9, 25.9, 
25.9, 26.1, 26.200001, 26.4, 26.5, 26.5, 26.299999, 26.299999, 
26.4, 26.4, 26.5, 26.700001, 26.700001, 26.700001, 26.700001, 
26.700001, 26.700001, 26.6, 26.5, 26.6, 26.6, 26.700001, 26.799999, 
26.799999, 26.9, 26.9, 27, 26.9, 26.9, 26.9, 26.9, 26.9, 26.799999, 
26.9, 26.9, 26.9, 26.9, 26.799999, 26.799999, 26.799999, 26.700001, 
26.700001, 26.700001, 26.700001, 26.700001, 26.700001, 26.700001, 
26.799999, 26.799999, 26.9, 26.9, 26.9, 26.799999, 26.799999, 
26.799999, 26.799999, 26.9, 27, 27.200001, 27.4, 27.299999, 27.4, 
27.5, 27.5, 27.6, 27.6, 27.700001, 27.799999, 27.9, 28, 28.1, 
28.299999, 28.299999, 28.299999, 28.299999, 28.4, 28.4, 28.6, 
28.6, 28.799999, 28.9, 28.9, 28.9, 29, 28.9, 28.9, 28.9, 29, 
28.9, 29, 28.9, 28.9, 29, 29, 29.1, 29.200001, 29.200001, 29.299999, 
29.4, 29.4, 29.4, 29.299999, 29.4, 29.4, 29.5, 29.5, 29.6, 29.6, 
29.6, 29.6, 29.799999, 29.799999, 29.799999, 29.799999, 29.799999, 
29.799999, 29.799999, 29.799999, 29.799999, 30, 29.9, 30, 30, 
30, 30, 30, 30.1, 30.1, 30.200001, 30.200001, 30.200001, 30.299999, 
30.299999, 30.4, 30.4, 30.4, 30.4, 30.4, 30.4, 30.5, 30.5, 30.5, 
30.6, 30.700001, 30.700001, 30.700001, 30.799999, 30.799999, 
30.9, 30.9, 30.9, 30.9, 30.9, 30.9, 31, 31.1, 31, 31.1, 31.1, 
31.200001, 31.200001, 31.200001, 31.200001, 31.299999, 31.4, 
31.4, 31.6, 31.6, 31.6, 31.6, 31.700001, 31.700001, 31.799999, 
31.799999, 32, 32.099998, 32.299999, 32.299999, 32.400002, 32.5, 
32.700001, 32.700001, 32.900002, 32.900002, 32.900002, 32.900002, 
32.900002, 33, 33.099998, 33.200001, 33.299999, 33.400002, 33.5, 
33.599998, 33.700001, 33.799999, 33.900002, 34.099998, 34.200001, 
34.299999, 34.400002, 34.5, 34.700001, 34.900002, 35, 35.099998, 
35.299999, 35.400002, 35.5, 35.599998, 35.799999, 36.099998, 
36.299999, 36.400002, 36.599998, 36.799999, 37, 37.099998, 37.299999, 
37.5, 37.700001, 37.799999, 38, 38.200001, 38.5, 38.599998, 38.799999, 
39, 39, 39.200001, 39.400002, 39.599998, 39.799999, 39.799999, 
39.900002, 40, 40.099998, 40.299999, 40.599998, 40.700001, 40.799999, 
40.799999, 40.900002, 40.900002, 41.099998, 41.099998, 41.299999, 
41.400002, 41.5, 41.599998, 41.700001, 41.900002, 42, 42.099998, 
42.299999, 42.400002, 42.5, 42.599998, 42.900002, 43.299999, 
43.599998, 43.900002, 44.200001, 44.299999, 45.099998, 45.200001, 
45.599998, 45.900002, 46.200001, 46.599998, 47.200001, 47.799999, 
48, 48.599998, 49, 49.400002, 50, 50.599998, 51.099998, 51.5, 
51.900002, 52.099998, 52.5, 52.700001, 52.900002, 53.200001, 
53.599998, 54.200001, 54.299999, 54.599998, 54.900002, 55.299999, 
55.5, 55.599998, 55.799999, 55.900002, 56.099998, 56.5, 56.799999, 
57.099998, 57.400002, 57.599998, 57.900002, 58, 58.200001, 58.5, 
59.099998, 59.5, 60, 60.299999, 60.700001, 61, 61.200001, 61.400002, 
61.599998, 61.900002, 62.099998, 62.5, 62.900002, 63.400002, 
63.900002, 64.5, 65.199997, 65.699997, 66, 66.5, 67.099998, 67.400002, 
67.699997, 68.300003, 69.099998, 69.800003, 70.599998, 71.5, 
72.300003, 73.099998, 73.800003, 74.599998, 75.199997, 75.900002, 
76.699997, 77.800003, 78.900002, 80.099998, 81, 81.800003, 82.699997, 
82.699997, 83.300003, 84, 84.800003, 85.5, 86.300003, 87, 87.900002, 
88.5, 89.099998, 89.800003, 90.599998, 91.599998, 92.300003, 
93.199997, 93.400002, 93.699997, 94, 94.300003, 94.599998, 94.5, 
94.900002, 95.800003, 97, 97.5, 97.699997, 97.900002, 98.199997, 
98, 97.599998, 97.800003, 97.900002, 97.900002, 98.599998, 99.199997, 
99.5, 99.900002, 100.199997, 100.699997, 101, 101.199997, 101.300003, 
101.900002, 102.400002, 102.599998, 103.099998, 103.400002, 103.699997, 
104.099998, 104.5, 105, 105.300003, 105.300003, 105.300003, 105.5, 
106, 106.400002, 106.900002, 107.300003, 107.599998, 107.800003, 
108, 108.300003, 108.699997, 109, 109.300003, 109.599998, 109.300003, 
